-0.9626,7.5403,-0.5724,-3.6368,-4.5917,10.0681,-5.6816,-5.8396,6.0236,-0.7875,-2.5990
-0.4067,7.2956,-0.7195,-4.5495,-1.9023,9.1612,-5.7507,-4.8608,5.5236,-3.2573,-1.8133
-1.9321,3.4040,-1.6279,-9.9915,-7.1524,-0.6751,-9.3389,-3.4245,8.3276,-3.8222,-3.7307
-5.0485,10.4544,5.5042,10.5971,-4.3470,-9.1527,7.7245,-7.8383,-9.8023,0.7996,-8.0826
-2.3281,4.2471,-0.8386,-7.7549,-7.1890,-1.3090,-8.9342,-3.8278,8.4505,-4.0044,-4.0869
1.7999,1.1123,4.7557,7.1323,-8.9596,-2.6029,-0.7020,2.2333,2.8796,-1.8032,-3.5543
-0.1851,-0.2895,5.8976,7.0085,-8.8534,-3.1448,-2.1227,4.7639,0.5728,1.3704,-3.5704
-2.7699,9.3756,5.1315,10.9011,-4.8331,-5.6563,7.1777,-8.9843,-8.5405,1.8569,-8.7722
4.6644,-7.3974,-5.8128,0.2882,-9.0095,-8.8594,-6.8342,-4.7492,9.7742,7.5802,3.6511
1.1938,6.4060,-4.4094,-9.4194,-8.2297,-1.9258,-3.9914,-4.5198,-11.4655,2.0446,3.8203
-2.6678,6.1727,-1.1525,-3.2314,-3.4816,9.9375,-6.8488,-5.1978,3.0340,-4.6730,-1.1212
1.3392,-0.6185,7.0469,6.0773,-7.0070,-4.4057,-2.0281,4.1119,1.9739,0.9373,-2.1598
-0.5294,6.4119,-1.9141,-10.4542,-6.8543,0.5251,-2.2581,-4.5934,-9.4408,0.8843,3.0018
-1.5585,6.9239,-0.0397,-4.4986,-2.7679,9.9056,-6.4415,-5.1931,3.2579,-5.2026,-0.3657
-3.6811,1.0078,-1.7381,-8.9081,-7.1383,-1.7872,-8.8045,-3.4756,8.3694,-4.7356,-5.3147
-1.0444,2.6870,0.3519,-8.6970,-6.0858,-2.5319,-10.1710,-3.5164,8.4980,-4.6305,-6.3035
-4.8844,9.6928,6.5977,9.3820,-4.2571,-9.5265,8.1270,-8.9168,-10.4509,0.4833,-9.5448
-0.4625,5.8320,-0.9307,-2.6757,-2.8616,10.2534,-8.3744,-5.0797,3.7217,-1.1002,0.0113
2.2861,-0.9114,6.0822,6.9345,-7.4246,-4.0052,-0.8105,4.6372,4.2948,0.5259,-3.5509
-0.7566,6.6252,-1.2885,-6.2331,-3.3436,8.3916,-6.5878,-5.8453,2.9401,-2.5987,-0.5295
3.2967,-8.5833,-5.4559,2.0169,-7.8019,-8.2996,-6.8634,-3.6679,9.6742,7.7531,5.2875
-3.1114,6.5833,1.0885,-4.1135,-2.9133,8.6415,-4.9808,-5.2399,3.7481,-1.6207,-1.7823
-3.2902,2.9949,-1.0492,-8.8620,-6.4175,1.4160,-9.7793,-3.4053,10.2158,-5.2165,-4.6702
-0.9472,-6.8216,-7.2467,6.0201,-2.8541,-2.4358,5.8063,5.1244,5.8133,-0.8578,-1.1814
-2.3131,9.2201,-3.4894,-9.8233,-8.4965,0.1425,-4.8284,-3.2082,-9.9825,0.2402,2.7361
-2.2506,8.2768,0.4005,-4.3038,-4.1623,11.3550,-6.0932,-5.9912,5.7341,1.1260,0.0869
-0.3707,7.5842,-3.8712,-9.3532,-6.0431,1.0671,-4.3293,-4.2176,-9.7681,1.2833,5.7551
-2.6387,8.3387,6.0205,11.5210,-5.7213,-7.3779,7.8108,-7.2688,-8.7265,-0.5769,-7.5506
-2.1877,3.8923,-0.9276,-9.1033,-6.0124,-0.4365,-11.4612,-3.6878,9.9290,-2.8361,-6.0984
3.9165,-7.1979,-7.5834,0.5529,-8.8087,-7.7678,-10.3204,-3.1193,9.1652,7.1450,4.2120
4.6304,-9.3813,-4.7614,-0.1905,-8.0370,-8.4772,-9.6442,-5.4966,7.5184,4.9455,4.5315
-2.9299,6.6835,-0.0623,-3.0623,-3.0656,9.5898,-5.7648,-3.3467,3.6217,-3.0985,-0.3560
-2.1883,2.8071,-1.8755,-9.4265,-7.3923,-0.1942,-7.2580,-2.9606,9.3229,-3.3753,-5.9918
-2.7539,8.2660,-4.0267,-7.7759,-6.8285,-1.1461,-4.4972,-5.3572,-7.8077,0.9047,5.1942
-0.5853,7.6477,-4.8339,-9.6933,-5.5596,-0.1247,-5.9468,-3.5156,-8.1508,2.0212,3.1533
0.6856,-1.5491,7.2669,7.0119,-8.7645,-4.5194,-1.9253,2.0273,1.6784,1.2461,-3.5556
-4.2336,9.3340,5.8388,8.2553,-5.2729,-5.9463,8.6662,-10.0329,-7.7248,0.4860,-10.1295
3.4400,-8.7947,-6.4204,0.0554,-9.8476,-7.2957,-8.5824,-5.8975,7.2884,6.8545,4.8839
3.6077,-9.1891,-4.4392,-0.2632,-8.5491,-10.1703,-7.8570,-4.0369,7.9195,7.6663,5.9290
-0.8412,3.5752,-0.1845,-5.2633,-2.5669,11.5606,-5.5047,-6.2298,4.1376,-4.4667,0.1364
1.3357,-0.6806,6.3401,5.2098,-8.4964,-3.0952,-3.4046,1.2913,3.0184,1.5159,-2.7782
-2.1959,3.6055,0.6656,-9.4595,-6.0707,-0.0022,-8.7199,-4.5919,9.4268,-5.0151,-3.0903
-1.4907,-8.4638,-6.2013,5.2056,-4.0783,-1.5380,6.3557,6.4770,5.5228,-1.6902,-1.7016
0.9598,8.0836,-5.0983,-9.1880,-6.7630,0.8428,-3.1459,-2.5812,-10.3047,0.7891,4.7157
-0.4545,7.7156,-4.0506,-7.2453,-6.8766,-0.5198,-2.6954,-5.8911,-10.4652,0.8152,5.2852
3.3304,-8.6165,-6.2999,1.9028,-9.9629,-7.9833,-8.9148,-5.0165,7.9080,7.2884,5.6249
-6.6167,9.9730,4.7399,9.8217,-5.9576,-7.9290,7.8152,-8.7176,-7.8670,-1.2550,-6.6582
-0.0440,-0.4959,7.3244,6.3449,-8.6510,-3.9167,-2.1346,1.9350,1.7606,0.9460,-2.2013
-5.3288,8.5221,5.3240,10.4655,-5.6293,-6.6400,8.8685,-8.8145,-8.3279,0.7757,-11.0465
-0.7463,6.1183,0.9772,-5.4278,-2.8060,10.3052,-6.6942,-5.9743,2.9557,-2.8547,-0.8300
0.5618,-1.0067,7.8834,6.1815,-8.3543,-4.0362,-1.8759,2.7808,2.5328,0.0864,-2.9188
-2.5115,-5.8840,-6.1522,5.1511,-0.8291,-2.1293,5.6040,6.8073,7.0312,-3.2348,-1.9761
-5.4703,8.7476,4.5936,10.7882,-5.4478,-7.4769,9.0068,-7.8700,-9.3678,2.9182,-9.7583
-1.3077,4.4601,-3.0007,-11.1688,-8.2112,-2.6176,-7.0246,-3.8484,8.4039,-5.3965,-4.6230
-2.0000,-6.3830,-4.0138,6.3476,-2.9731,-1.8262,5.1826,7.2248,3.3641,-2.2140,0.1738
2.6523,-0.1183,6.3651,5.5921,-8.0705,-5.5481,-0.2864,3.1870,2.5039,-2.2320,-3.8487
2.5281,-8.3511,-6.4761,-0.7830,-8.5221,-9.4567,-6.9879,-3.5131,6.8163,6.9769,6.2812
-1.3259,-9.2782,-5.9155,5.0269,-4.7658,-0.4680,4.3722,8.0168,4.7837,-2.1359,-2.2573
-2.2780,6.1650,0.7034,-4.5502,-1.0438,9.6622,-5.6150,-6.5707,2.5318,-2.9602,0.5538
-3.7543,-6.6817,-4.5756,3.1536,-2.4139,-2.1106,5.6844,8.7306,3.9809,-3.6154,-2.1896
-3.3169,9.6340,5.4444,10.6017,-5.4878,-7.4162,7.1039,-9.1055,-9.3791,1.1425,-9.0539
-0.3593,5.4488,2.1794,-3.6772,-2.2325,9.7898,-7.2727,-4.7106,4.0219,-3.5089,-0.2173
0.1819,-1.0111,8.2945,7.9782,-8.0231,-3.7023,-1.1944,2.8813,2.7529,0.1185,-2.7818
-2.1169,-6.8373,-6.6182,4.5740,-2.2535,-1.8933,5.5129,8.1058,6.4291,-1.0254,-1.1321
3.2550,-7.2699,-5.2919,1.5402,-7.4801,-7.8176,-7.8584,-3.0044,9.6137,6.3577,7.2419
2.5133,-6.4861,-4.8411,0.2110,-8.6238,-8.4375,-8.6084,-5.2337,9.1530,6.8561,5.5129
1.1185,-0.5579,5.8440,5.6422,-9.9853,-4.1926,-3.6127,4.1119,2.8476,1.1627,-2.6526
-2.9346,5.9483,1.5428,-3.1973,-2.7183,8.8019,-6.6316,-5.9433,3.8020,-3.3810,-0.9748
-1.9841,8.7419,5.8025,9.0074,-5.0322,-10.5537,7.8440,-7.5607,-8.0937,3.4131,-7.4780
3.9020,-8.2924,-6.3770,-1.1713,-8.8388,-8.7585,-10.7388,-4.0389,7.1212,6.7045,4.6325
-2.6576,4.6912,-1.0104,-9.7145,-6.7682,-1.5310,-10.2319,-4.4644,9.9903,-4.0646,-4.5627
5.6265,-8.0786,-5.4797,0.2060,-7.5678,-8.6166,-6.0009,-3.9963,6.3773,6.2946,6.3799
-3.0735,5.8681,1.4936,-4.7033,-3.1390,8.8550,-4.8312,-4.7458,4.8623,-2.5155,-0.5755
-2.1036,4.8772,0.6389,-6.0404,-1.6142,9.0066,-6.1293,-4.9086,3.4775,-3.3899,-1.3584
-2.8646,-5.4814,-5.3035,4.5424,-1.9321,-2.8087,4.2769,8.9501,7.0734,-2.9197,-0.2214
-1.2171,-7.1583,-5.8521,6.3542,-2.5227,-2.6938,6.5637,6.0895,4.8223,-2.4714,-2.7241
4.0769,-7.6496,-4.5168,-0.8594,-8.8441,-7.9498,-8.9180,-3.8394,8.2856,8.3867,4.9553
1.2885,-2.0308,8.2830,6.0270,-9.9086,-2.4177,-3.1047,3.6648,3.8791,0.5505,-4.2839
-1.7383,-7.3528,-5.0966,6.7996,-2.2674,-2.9833,3.4126,7.3808,5.7462,-1.1262,-1.9615
-4.9939,10.3133,5.2403,10.3380,-5.1529,-5.2855,7.8585,-8.0312,-10.4591,0.0018,-7.8656
3.9324,-8.3611,-5.8325,0.5943,-7.4919,-7.5370,-8.8529,-2.4262,6.9901,6.7564,3.5602
-0.7170,-0.6005,9.0791,8.1789,-7.8201,-3.2291,-1.8856,3.5457,2.0130,1.2986,-3.3873
-4.8729,9.8517,5.9605,9.8288,-6.0889,-6.5173,9.4821,-7.8827,-8.6043,1.4477,-8.6613
1.2259,0.7992,6.7035,5.1317,-8.4224,-4.4869,-1.0382,2.3449,1.3015,0.2804,-1.3497
1.0183,-0.3845,5.4708,7.2339,-7.3970,-3.1501,-1.0983,2.7318,1.8318,1.5015,-3.1048
-2.8144,9.4320,5.2842,9.4589,-6.5649,-7.7749,9.7236,-9.5724,-9.6830,2.5723,-7.9104
-2.5614,-6.0450,-4.8313,5.0159,-3.1188,-1.3606,4.6140,9.8436,3.9231,-0.7767,-0.4640
-4.9030,10.0125,5.0769,11.0171,-7.8422,-8.8967,9.1036,-9.3454,-9.7714,1.4928,-8.0289
-5.1334,9.9638,3.3317,10.0906,-6.1934,-5.9978,7.9307,-8.7833,-7.5640,1.2469,-10.9568
-4.1182,3.7878,-1.4704,-8.9594,-5.6611,-2.2269,-8.2602,-5.2638,10.4750,-4.8986,-5.1646
-1.8231,5.3119,-2.8587,-10.1706,-6.7726,0.0521,-7.9236,-3.2050,7.8755,-4.5489,-4.4818
-0.9255,7.7606,-5.9574,-7.6333,-8.5120,0.6463,-3.5980,-2.9595,-9.8160,2.3404,3.8617
-1.2700,4.6312,-0.0410,-10.7181,-6.0798,-1.0428,-10.4985,-3.8727,9.1757,-2.2187,-3.3234
1.5375,-1.1015,7.2167,5.7100,-9.9205,-3.3077,-0.5968,3.6248,0.7322,-0.0728,-2.5216
-1.6314,5.7195,-0.0282,-4.0792,-3.5697,8.5202,-5.8689,-4.9557,0.5439,-4.1339,0.4713
2.6188,-2.0036,7.0709,7.3408,-6.3678,-4.2543,-0.5165,3.3988,3.9805,0.5817,-1.8938
2.4699,-0.5673,8.5630,5.2175,-9.7288,-3.1217,-1.6927,4.0198,1.4120,-0.0002,-3.1828
-4.4796,2.5858,0.4615,-11.0355,-5.3584,-1.9190,-9.0497,-4.6145,8.8394,-4.2543,-2.9249
-2.3360,2.5482,0.1716,-7.6747,-6.8648,-0.7142,-7.9029,-1.6752,10.1761,-4.0890,-3.8718
-1.2581,-7.9439,-6.0487,5.5059,-3.2491,-1.1369,5.4780,6.0793,4.6559,-3.4664,-1.1934
-3.7499,8.6262,6.2576,9.7837,-4.1124,-7.4381,7.7904,-8.9209,-8.3847,1.0870,-7.6865
5.0346,-7.6161,-5.6126,0.5292,-9.9767,-6.0064,-9.0212,-3.5552,8.6031,6.6645,5.9298
2.4679,-1.1380,6.0424,5.4145,-7.9481,-3.1794,-1.1388,3.3632,0.0301,1.5159,-5.4028
3.9975,-9.3546,-5.8867,-1.1297,-8.4251,-8.1943,-8.4697,-3.6272,9.5381,4.9813,5.5632
-1.3240,-6.4627,-5.8642,6.2789,-2.8653,-1.7595,4.5372,8.1652,4.8437,-1.7841,-1.9776
-2.9955,-4.2754,-7.3445,6.8799,-4.0688,-2.0894,5.8461,7.2726,5.6175,-1.7053,-3.3666
-2.2538,5.1661,-2.1142,-8.1450,-5.8264,-1.8686,-8.2370,-4.7974,7.8459,-4.7946,-4.8312
-2.0440,-9.2559,-5.0094,4.4725,-2.8572,0.4266,5.3672,6.8071,4.5315,-1.0420,-2.6055
5.2937,-7.3997,-5.2362,-1.5257,-7.6113,-8.7582,-9.1422,-3.4098,8.2252,9.0409,5.7713
-1.2932,1.6723,-2.1751,-9.4428,-5.3252,-0.8161,-7.4102,-5.7275,9.9700,-4.8316,-4.1714
-0.2755,-5.4714,-5.9950,6.2114,-2.6445,-3.8353,6.0204,6.0095,4.2415,-0.6847,-0.6598
4.3758,-8.2930,-7.3456,0.4524,-9.9458,-10.2895,-7.6493,-3.0772,7.7179,5.7375,6.4525
0.3714,-0.5580,6.7701,4.8774,-8.8422,-3.2748,-1.6334,3.5514,3.3562,1.9776,-3.5817
-2.1769,3.4564,-0.4937,-8.2498,-4.7606,0.2866,-7.3940,-7.9121,9.6033,-3.7625,-6.1943
4.3131,-7.3701,-4.5491,0.1118,-8.0074,-7.4673,-9.6752,-3.5369,8.5001,6.4691,4.7044
-5.9191,8.6161,3.7856,11.2626,-6.9517,-7.2587,8.9596,-9.6813,-8.9816,1.6911,-7.7358
-1.9838,8.6135,5.8526,10.2674,-5.0654,-8.4354,7.1743,-9.7397,-9.4049,2.1110,-7.4236
1.5879,0.3300,6.2246,6.5543,-7.1317,-2.8654,-1.9434,2.6831,2.1202,-0.6795,-2.3801
-4.6197,9.3055,5.5105,11.4547,-5.2900,-6.9727,6.1582,-7.8814,-8.2634,0.7616,-8.5231
5.3549,-8.5711,-4.5316,1.9822,-7.6249,-9.2486,-7.4039,-3.9201,9.0588,5.7699,4.3372
-4.3845,3.5999,-1.8766,-10.8535,-5.9668,-1.9600,-7.9985,-3.5753,8.4281,-5.0472,-5.3294
5.1784,-6.2753,-6.9456,2.0457,-8.7010,-7.9489,-8.8338,-2.2377,7.2133,6.4707,4.5804
-4.2088,-6.7444,-7.8547,3.9561,-4.4881,-2.6359,4.8912,7.0996,5.8680,-0.5460,-1.2788
-2.3249,-6.3240,-6.7572,6.0273,-4.5480,-2.4838,4.1767,7.3639,6.3505,-2.3184,-1.6476
-2.7609,6.7885,-0.8831,-5.0616,-3.6707,10.3727,-5.4538,-4.3996,3.2514,-1.4122,0.8956
-4.6699,8.4375,4.5842,9.7316,-6.3063,-6.3805,8.3269,-9.3069,-8.9974,0.1646,-7.2909
-3.4832,3.0332,-2.8938,-7.5108,-4.2956,-2.4042,-10.5359,-5.0298,7.9050,-5.1970,-6.2274
-1.3028,-5.4823,-5.1445,5.1903,-3.0615,-0.6957,3.1117,6.5246,6.2476,-2.4732,-2.5182
-3.9398,3.1372,-2.9040,-9.5772,-5.8819,-1.6337,-8.4738,-4.4009,7.8178,-4.0093,-4.4741
-4.2637,9.5101,7.5371,10.7671,-5.1767,-6.0822,8.3423,-8.3582,-9.3904,-0.3269,-7.5704
0.9168,-0.4662,8.9311,5.5685,-7.0178,-2.6208,-0.8860,3.1995,1.1569,0.8407,-2.8740
-2.2718,3.0505,-0.7475,-8.7000,-5.1965,1.4180,-6.5069,-4.1104,9.1214,-1.6937,-4.3355
-2.2409,8.5232,-3.6669,-7.4593,-5.3671,2.6882,-4.6890,-1.5631,-10.2229,1.8297,5.2115
0.4109,-0.2896,8.1644,6.4082,-7.9793,-4.5365,-1.3973,3.7429,3.0344,1.0586,-4.0398
-1.8205,6.9969,0.0129,-3.7745,-3.2022,7.5925,-9.4600,-4.9034,4.1090,-2.0161,-0.9594
-1.1461,3.8176,-1.4871,-9.6547,-5.8007,-0.8476,-7.6507,-3.2000,10.5192,-3.8557,-6.8156
-3.2635,-5.7020,-5.1255,6.5012,-5.2039,-1.9272,5.1551,5.7953,6.2072,-2.9943,-2.2302
-3.6901,8.7913,4.3737,8.3277,-4.4910,-5.7962,8.4375,-7.9964,-8.2090,0.2146,-6.9828
-1.9954,6.5756,-1.6743,-3.5264,-3.2617,10.9247,-6.6312,-4.3262,4.1166,-2.7120,-1.2499
2.6388,-8.4792,-4.8000,0.3398,-8.9318,-6.3680,-8.4329,-3.8185,9.6575,5.8023,5.3529
1.4924,-0.6266,8.3999,6.6516,-9.2030,-4.4671,-1.8016,1.9498,3.0738,1.1953,-1.6663
-4.7547,9.3124,6.5416,10.5086,-6.1559,-7.0605,7.9420,-8.4644,-8.2625,-0.9836,-7.7753
-3.8973,-5.3956,-4.2239,4.8171,-3.4436,-1.5802,5.2455,8.2946,6.5428,-1.0144,-1.7187
-1.1741,2.7147,-2.4152,-8.8069,-4.9045,-1.3606,-8.4072,-4.2146,8.7817,-3.8541,-4.4794
-1.0022,5.9332,-0.2734,-5.2563,-2.8308,8.3615,-6.1290,-5.3512,3.8375,-3.6787,-0.9112
-2.0391,7.8597,-3.9672,-7.9236,-8.0624,-0.6026,-4.9853,-5.1350,-11.0983,0.1801,4.7180
-2.3102,-6.1325,-3.1287,5.8549,-1.3792,-2.2485,3.9143,7.3403,4.2989,-1.0489,-2.4537
-0.8104,7.6771,-4.9060,-8.6984,-7.7020,1.4583,-5.0445,-4.3467,-11.2315,0.3788,4.7030
-1.0534,-7.0139,-5.7756,5.1109,-2.4666,-1.4624,4.0898,5.4293,3.4283,-2.4225,-2.6035
1.0221,-0.2888,6.8186,7.3211,-8.3382,-2.5710,0.2481,2.1655,4.3812,-1.0372,-2.5143
3.9052,-9.3060,-4.0900,0.0455,-8.2202,-7.4745,-10.1121,-2.6783,10.2999,6.1664,3.9940
-3.0976,7.3665,-0.3475,-5.3466,-3.7663,8.9357,-6.6197,-5.3080,4.6014,-2.6066,-1.1938
-2.8461,8.0367,-1.6649,-5.5816,-2.5121,11.7003,-6.4354,-5.2378,5.4489,-1.9094,1.1232
-3.6844,1.7835,-1.1549,-8.4560,-4.8287,-2.2709,-8.5757,-3.6350,7.6642,-4.5837,-5.8647
-5.4584,9.9362,4.7193,10.3690,-6.6103,-7.9758,6.8698,-10.5043,-6.1658,1.0214,-8.5113
-3.4060,4.6780,-1.8276,-8.1926,-7.8900,0.8723,-8.5641,-5.8441,7.0662,-5.1037,-3.2259
-2.6676,5.0515,-0.1867,-8.7402,-6.3435,-1.0598,-9.1347,-3.3150,7.8358,-4.5256,-3.9816
0.2397,-2.1452,7.1660,8.5476,-7.9311,-4.4423,-1.7549,2.8322,2.8549,0.6921,-2.4644
-1.6261,3.3869,-2.9186,-9.2267,-7.2647,-0.8041,-8.7101,-3.7960,9.3281,-5.6619,-3.8754
-3.0834,8.8067,7.2627,10.6096,-6.0908,-8.7099,7.3891,-8.1749,-7.3316,0.7659,-8.3893
4.0785,-6.5958,-5.9688,-0.3012,-8.8723,-6.4008,-5.2302,-5.9120,7.9708,7.3971,6.3789
-3.6747,9.9744,4.3555,9.5765,-6.5228,-8.0780,8.8608,-8.2349,-7.9236,0.8120,-9.5026
0.1232,-1.0745,5.7504,6.3997,-8.9281,-5.3609,-2.1033,4.2514,3.3765,-1.6791,-2.5751
-1.7525,-6.0579,-5.8012,5.8568,-1.9088,-2.3819,3.6516,6.8455,6.9035,-2.2570,-3.5748
2.7087,-7.5433,-3.8799,-1.2098,-9.2152,-8.3082,-8.2934,-4.6553,7.6857,6.5824,3.9237
-1.4521,-5.4619,-6.2213,4.0611,-4.1794,-3.2497,4.0212,5.4257,3.7227,-2.0721,-3.3618
-1.4758,8.4404,-4.3255,-8.4785,-6.1419,1.5817,-5.3380,-4.7072,-10.9706,-0.3040,5.6802
-4.0756,9.3775,5.8661,10.2815,-5.5033,-9.1456,8.8331,-8.0722,-8.7263,0.1995,-8.6680
-4.0215,2.1730,0.2348,-8.2910,-5.1820,-0.2751,-10.7167,-3.1095,8.1792,-4.2644,-4.4046
-0.9567,6.9845,-4.1438,-8.3432,-7.1740,-0.1060,-3.0607,-2.3833,-9.9450,3.1559,3.8431
4.3511,-9.5664,-5.7332,2.0201,-8.7398,-9.5084,-8.2362,-1.4780,7.9524,5.7437,4.7080
-2.8908,4.3581,-1.2097,-10.0552,-6.0410,-1.8849,-8.2531,-2.5197,9.0071,-5.3368,-4.2924
-0.5078,3.2089,-2.3649,-10.0312,-6.8024,-0.3578,-9.2727,-2.0357,11.1631,-3.7532,-2.7507
-1.9503,5.8773,-0.2327,-4.2576,-2.4595,9.2235,-4.2939,-4.7278,3.7352,-2.6858,0.2540
-2.7262,2.6957,-1.5556,-10.0176,-7.3622,-2.4066,-8.7516,-2.7056,8.7288,-5.5265,-4.0732
-1.6019,5.0214,-0.7907,-11.0092,-7.0095,-1.9264,-10.3115,-3.0798,8.0563,-3.4244,-3.6726
-1.0419,6.6838,-0.1400,-7.2619,-2.7349,9.2699,-5.4761,-6.3894,3.7054,-2.5808,0.2183
0.7966,-1.3011,6.7828,8.0917,-8.2146,-3.1808,-1.8147,3.7022,1.5396,0.4757,-2.3938
-2.2850,2.6640,-1.3108,-8.6561,-5.7215,-0.4757,-8.3474,-3.4551,9.3599,-3.0814,-4.0979
-4.2307,8.7030,4.7266,10.0566,-8.2374,-7.4044,7.5460,-9.6976,-10.1780,-0.5019,-8.4909
1.1095,-1.9684,7.8214,6.8852,-10.0057,-3.9399,-1.9342,1.4340,2.3131,1.6810,-2.9977
-3.0884,6.3701,-0.1009,-3.7940,-3.2741,8.1858,-6.0775,-6.5370,3.0400,-2.6414,-0.5099
1.0607,6.8785,-5.5254,-8.4745,-6.6615,0.7565,-4.8533,-5.2834,-11.7772,2.5018,3.3286
-2.1878,-7.3264,-5.3991,3.6758,-3.4323,-1.5847,4.9860,6.1559,3.9683,-3.5045,-0.9655
-0.0198,6.3440,-5.9857,-9.7927,-6.1488,1.0576,-3.2036,-3.9694,-9.9696,2.8414,5.5651
-3.5169,6.7966,1.4207,-5.4018,-3.2350,6.1569,-6.7519,-4.3064,4.7407,-1.9257,-0.4709
-2.5316,3.1850,-1.1333,-9.4739,-5.8242,-1.4514,-9.0456,-2.2740,8.6041,-5.5278,-2.8138
-3.0935,7.2597,0.6142,-3.8463,-3.4531,8.9290,-5.9604,-5.1808,4.6150,-1.8073,-0.6891
-0.7993,8.0495,0.8268,-3.4634,-4.0868,9.6658,-8.2527,-4.3654,1.9999,-1.1409,-1.4171
-1.4044,-5.9669,-4.6777,5.0811,-3.8779,-2.7195,4.8562,7.4623,5.0231,-0.3809,-3.0202
-1.2275,-6.6765,-7.5475,3.8762,-2.9562,-0.5057,5.5581,7.1399,3.0304,-2.3215,0.2703
3.6139,-8.3372,-4.2435,2.8342,-9.7318,-7.9300,-6.9836,-3.5570,7.3836,6.7602,4.5036
-3.4499,-6.2632,-5.7324,4.1065,-2.5295,-0.4739,4.3698,8.1186,4.6404,-1.8608,-1.6449
-2.4314,4.3882,-0.4382,-3.3335,-3.0363,11.1240,-6.6851,-4.3814,4.2780,-0.7895,-1.0496
-2.8965,3.9786,-2.9284,-7.2933,-5.5052,0.3378,-9.2719,-4.9785,8.7461,-5.6370,-4.0361
-0.3902,7.6497,-1.7338,-5.0170,-3.5438,8.9467,-4.2136,-3.9454,4.1838,-3.3776,-0.9081
-1.1680,8.0325,-3.1267,-9.2371,-7.2873,-1.5307,-3.5290,-2.9385,-6.8854,2.5005,4.7303
-0.4227,7.6365,-3.4329,-9.5000,-7.1989,-0.6703,-3.5738,-3.3854,-10.9590,2.3842,4.2065
1.9031,-1.5919,7.7907,7.0264,-8.6445,-3.0253,0.0152,3.8109,3.7475,-0.7555,-3.7613
-0.6144,-1.9832,6.7151,5.7601,-8.5649,-6.2476,-2.4940,3.1515,2.2026,0.7154,-1.4626
0.3398,8.2826,-6.0127,-8.0201,-6.3683,0.9158,-2.5685,-5.1303,-10.0030,1.3986,3.6323
-1.5620,8.0068,-3.0476,-7.7676,-6.1579,0.6271,-3.8375,-4.1579,-9.7473,-0.1170,6.0462
-2.8059,-6.9975,-5.5675,4.5436,-5.5655,-1.6626,5.9386,6.3767,4.5306,-1.9524,-3.0479
-1.6676,-7.2925,-5.1534,6.7759,-4.1220,-1.7752,5.1279,6.4617,5.1331,-1.7908,-2.0101
-2.2216,8.1766,-4.9532,-7.9248,-6.6956,-0.1786,-4.6614,-3.2665,-7.8861,1.2258,5.3364
-5.5541,9.2935,5.8198,8.0292,-7.0536,-6.8752,8.0788,-9.2621,-8.1550,-1.6664,-7.3292
1.2789,-7.5500,-7.0009,0.7443,-8.1556,-6.7178,-7.7255,-3.2217,8.3230,6.6410,3.9688
4.0490,-9.6850,-4.3323,-0.4893,-8.7733,-7.6584,-9.0911,-4.5487,6.3658,6.2340,5.7108
-3.9820,7.6322,4.5067,10.2224,-5.0143,-8.1552,6.6084,-9.5320,-7.9400,1.6694,-8.8025
-0.2991,5.8830,-6.0296,-6.7513,-6.8760,-0.1036,-3.4611,-4.0438,-9.3456,-0.5724,5.3614
2.8334,-8.6506,-4.1831,-0.5842,-8.6676,-10.0654,-8.7169,-3.3897,7.9143,6.9627,5.7361
-3.4826,6.2626,0.5114,-5.7028,-3.6091,8.1548,-6.4912,-4.6976,3.9593,-4.8599,-0.1866
2.4356,-9.5937,-5.9339,0.2181,-8.8764,-7.5887,-8.2120,-4.4188,8.3002,4.5850,4.5099
0.8708,0.8136,8.5408,6.7769,-8.5001,-4.0906,-0.9336,2.3819,3.4548,-0.1542,-3.5057
-1.8332,4.6319,-3.6128,-9.4267,-4.3032,-1.7274,-9.2368,-5.3869,10.9457,-3.3813,-4.3815
1.1242,6.8461,-4.1291,-8.7952,-6.1465,-0.0395,-2.5177,-3.5997,-8.3794,2.8232,5.0450
-1.8864,8.2957,-4.1926,-10.0025,-5.9984,-0.1886,-4.4761,-6.4819,-9.8464,1.5927,4.8151
3.8780,-10.2837,-5.2767,1.4677,-8.6532,-8.9074,-7.9335,-2.7833,7.0804,5.4584,4.9331
-1.3513,-7.0196,-4.8065,4.7633,-2.6709,-3.4523,4.4823,8.4854,5.0034,-0.7309,-1.2149
-2.7317,9.0977,4.8476,8.9109,-5.7378,-6.1910,9.1351,-9.0598,-6.6381,1.0025,-8.8510
0.3996,-1.5055,6.8994,4.8645,-7.7240,-3.5541,-1.0595,2.7861,5.6387,0.7723,-1.2557
-1.9178,-6.0970,-6.0794,6.7864,-1.9428,-1.3902,2.9562,7.4846,4.1109,-2.7274,-0.2145
-0.4357,5.6676,-0.5936,-5.3376,-2.6731,8.9304,-6.7585,-6.3236,5.1216,-3.5651,0.2700
0.0759,0.0798,7.4210,5.4592,-9.0750,-2.4944,0.0860,3.8826,1.2684,0.1865,-2.3828
-1.4411,6.6414,-5.1495,-7.1478,-5.9321,-0.5181,-3.3014,-4.1167,-8.8129,2.7699,5.2497
-0.7234,6.2950,-0.0343,-4.0183,-3.1132,9.8103,-6.6644,-7.2871,4.9552,-3.2500,-1.8149
3.1038,-8.9113,-6.0985,0.3708,-7.8106,-8.2765,-7.9311,-4.6626,7.4193,6.9480,3.5635
-5.3792,9.3919,6.2231,11.2577,-6.4411,-6.7990,9.4148,-9.8090,-7.8232,1.0497,-9.1156
-1.8494,4.7450,-1.3240,-8.3783,-7.3237,0.4059,-8.2796,-3.3710,7.5278,-4.3935,-3.8749
-1.2409,6.5887,-0.3236,-5.0647,-2.3632,7.9920,-4.8075,-4.7426,5.1182,-3.2202,0.1611
-2.8903,4.9604,-1.6050,-4.9214,-4.2106,10.7549,-5.5534,-4.9755,3.5577,-2.8594,-2.2639
-0.1244,-1.0023,6.8502,6.3755,-9.2419,-3.0137,-2.0456,1.4019,1.7664,0.0926,-3.7190
-1.5088,7.3119,-0.4803,-4.1001,-2.7710,7.8437,-5.6296,-4.2867,2.0822,-3.0228,0.8793
2.5094,-9.8609,-3.6506,-0.3399,-10.2145,-7.5534,-8.8121,-2.8313,6.1071,6.8470,5.8850
-3.9294,2.8368,1.1480,-8.9501,-6.4404,-2.8550,-8.8069,-3.8671,9.4417,-5.5032,-6.0374
-1.7233,6.2485,1.0757,-3.5118,-2.8425,6.4496,-4.0955,-4.7787,4.6340,-4.5744,-1.0078
0.5476,-1.2325,6.6216,5.9942,-7.9440,-3.5728,-2.8035,2.8667,3.0865,-0.7442,-3.1848
-1.9437,-8.0856,-6.2034,5.6564,-1.2767,-3.5179,3.0229,7.4512,3.6087,-2.6022,-2.3540
-1.6805,5.4873,-3.5972,-9.9009,-7.4642,-1.2617,-3.4593,-1.7691,-9.9090,0.4846,4.7500
-3.7422,9.4850,5.3857,9.8447,-7.8001,-7.8227,6.7621,-10.3683,-7.7457,0.4139,-8.9057
1.6804,-9.5380,-4.7718,0.2363,-9.8170,-6.9868,-7.9927,-3.0089,7.7411,5.8842,3.0170
-2.2477,-6.7922,-6.1545,5.1983,-1.7730,-2.5604,5.4534,8.2175,7.2885,-3.2503,-2.0409
-1.6497,7.8482,-6.5237,-8.3087,-7.4478,-2.7811,-4.4247,-2.9533,-9.9883,2.1962,4.3644
-3.6475,6.6005,0.6239,-5.0349,-3.1474,8.7427,-7.2212,-5.1696,3.6945,-2.0004,-1.0329
1.0717,1.1103,9.2427,6.9008,-8.1774,-2.5055,-2.2329,3.7246,2.1099,0.4908,-1.6237
-0.7680,-6.1107,-5.9489,6.4052,-2.3021,-1.3133,4.1311,6.3672,5.4235,-2.1076,-2.1904
2.2112,-8.8387,-6.1827,-0.8219,-9.0848,-9.0467,-8.5564,-4.8998,8.5761,6.7415,5.8784
1.9653,-0.0353,7.6674,6.4139,-8.9431,-3.1541,-1.4925,2.8523,2.0696,1.1275,-3.6972
2.7217,-10.4465,-5.6421,1.4848,-8.0010,-8.0699,-8.3798,-2.8215,7.9845,5.8841,3.4075
4.1078,-9.2976,-5.8120,0.6452,-9.1303,-7.2837,-8.3868,-3.1680,8.0770,4.7436,5.7123
2.8699,-8.6232,-3.6051,-1.6999,-10.4977,-8.1611,-9.3895,-4.1156,8.0094,7.5872,4.5706
-3.6189,2.7972,-1.3562,-9.3927,-5.8587,-1.6941,-8.5064,-3.3125,9.6011,-4.1305,-4.9794
-1.6231,-6.8220,-3.5122,6.5082,-2.4566,-2.9260,5.9953,8.2804,4.2664,-1.5894,-1.4032
3.9517,-7.9520,-6.0245,0.4058,-8.4327,-7.6177,-8.7986,-3.3418,6.6533,8.4308,4.0226
0.0379,8.0155,-3.5100,-8.1518,-8.8091,-0.3852,-4.7425,-3.3084,-10.9624,1.4861,3.9649
-0.7810,-8.0202,-6.6111,5.2669,-3.4461,-2.8276,5.7888,7.7432,5.1331,-2.1913,-2.2933
-3.9122,7.1666,5.6711,9.7640,-7.2390,-7.4247,9.0868,-9.2314,-8.5374,-0.3355,-7.4962
-4.7792,9.2245,5.8801,10.3168,-5.6680,-7.5537,8.8730,-8.6170,-8.9000,1.5251,-7.9148
-0.5627,7.0082,-0.0670,-6.4107,-3.7389,8.6902,-5.4407,-4.7485,4.1620,-4.1775,-0.2711
-1.4865,6.7613,-4.4256,-6.1765,-7.6575,0.2730,-3.8321,-2.0117,-10.8900,-0.0493,3.9132
-0.4250,-1.3390,8.5276,5.4290,-7.5313,-4.8754,-0.4377,2.7694,4.2222,0.9386,-2.8322
-4.5688,7.5355,4.2477,10.5942,-5.0378,-7.4243,7.6328,-8.8210,-7.6460,1.4266,-8.5468
2.2185,-8.7877,-5.2531,0.9789,-9.5378,-6.9975,-8.8141,-3.2825,7.4324,6.4192,4.2548
0.6559,-1.2346,8.4844,5.4121,-8.5726,-3.2307,-1.7760,3.7881,3.3464,-1.4730,-3.6532
-1.6060,-7.8873,-6.6667,3.8867,-3.4905,-3.2032,5.6546,6.6712,4.4536,-2.9099,-2.1379
4.1479,-7.9947,-7.6718,0.4757,-9.3060,-8.6657,-8.0241,-2.9819,9.4664,8.0162,4.9817
2.0320,-0.5689,7.8358,4.7006,-8.6508,-4.2067,-1.3718,2.9046,1.2002,0.1542,-3.9660
-2.7630,6.0785,-0.5205,-6.3054,-2.5567,9.5035,-5.2822,-6.2466,4.1881,-0.9566,-1.2693
-2.5105,7.2789,0.9414,-3.7239,-2.2346,9.7157,-4.6988,-5.3702,3.6041,-3.7416,-0.2180
-5.5069,8.3192,4.2599,9.3971,-3.9707,-9.4622,5.7325,-7.5117,-7.6019,-0.8830,-7.3656
-1.8837,7.3983,-1.0785,-4.5369,-3.9531,8.8687,-8.1812,-5.4874,4.7339,-2.1355,-0.4257
-3.4615,4.3571,-0.8434,-3.0119,-3.1228,9.0333,-4.5913,-4.8720,2.4892,-2.1319,-1.2401
2.0274,-8.0370,-5.6335,0.9861,-8.3269,-7.0263,-8.8270,-3.0275,7.5165,6.0998,4.5131
-0.8324,5.9901,-5.3022,-8.9024,-6.0874,0.0712,-3.2024,-4.1587,-9.3179,1.5920,3.9820
2.6601,-7.8794,-5.2620,-0.2697,-6.8691,-7.5466,-7.9753,-1.6448,8.0459,7.0339,4.9730
-3.4641,10.8540,4.8954,10.1729,-5.7190,-6.7400,9.6363,-7.6398,-9.8285,0.1556,-10.0497
0.5424,1.6093,6.7208,5.6456,-9.9388,-4.9086,-1.4486,3.9000,2.5494,-0.5890,-2.5100
-2.4832,1.9201,-0.7436,-11.1679,-4.8128,-0.5233,-10.0675,-4.5745,8.6921,-2.8015,-4.2668
1.6052,-1.8834,5.2768,5.1422,-6.8370,-3.7768,-1.5479,3.9190,3.2561,-0.9657,-2.7018
-1.1266,6.9816,-4.3006,-9.3612,-8.1963,-1.4734,-3.8427,-3.2435,-11.0359,0.6762,4.5943
-0.1891,6.5755,-3.5634,-7.8041,-7.9588,-1.3855,-4.6840,-5.1250,-10.7306,-0.1021,4.3164
-4.2662,1.9137,-1.5696,-7.5566,-6.6256,-0.5203,-8.6179,-4.8581,9.8128,-6.7097,-4.4383
0.6581,6.8315,-5.0366,-9.2061,-6.4527,-1.1338,-3.9538,-4.4297,-8.5619,1.5422,4.2478
-4.2425,8.8776,3.5611,8.3533,-6.1332,-8.1094,7.2634,-9.1410,-8.3238,0.2374,-7.9763
-1.5465,7.6243,-0.6407,-4.8952,-2.2321,10.9204,-6.7621,-3.0277,2.2985,-3.1042,-0.8835
4.0964,-8.5463,-5.9292,0.7422,-9.4055,-9.3807,-8.7977,-3.0367,9.0447,6.4344,4.5485
-2.9635,-6.1778,-6.8713,5.2314,-0.7981,-4.1016,5.6110,7.9444,3.4557,-1.3194,0.2822
-2.6608,2.5653,-2.2205,-8.0246,-6.5861,-0.7759,-8.7747,-4.1730,10.5882,-5.3133,-4.5091
3.0183,-8.9182,-4.0958,-0.2395,-10.2135,-8.2233,-8.1078,-2.8831,7.9560,4.9092,4.7826
1.1084,7.2096,-3.6475,-7.2699,-6.8322,-2.1923,-3.3014,-4.1180,-10.0951,1.5544,3.6335
-2.1423,9.7465,6.5048,10.1377,-6.1627,-8.0203,6.9185,-10.0162,-9.8198,2.3380,-8.5290
-0.2209,-7.0060,-5.2759,5.8710,-2.2773,-3.4671,5.3876,7.5224,5.8849,-1.2608,-0.1533
0.3011,7.4269,-3.2065,-8.0472,-7.2706,1.6384,-3.5908,-4.0700,-10.0242,-0.7165,4.2417
-2.3723,7.9680,-4.7946,-10.5121,-6.4045,0.4570,-3.4869,-3.5586,-10.4628,2.3576,5.5306
-0.6545,-8.0319,-6.7205,5.3057,-3.9912,-1.0355,6.8200,8.4504,6.3751,-1.9818,-0.9596
-1.5129,7.2330,1.6407,-3.9335,-3.0664,9.7534,-6.2703,-4.9010,2.7671,-2.7251,-1.8006
-4.4015,9.5932,4.3733,10.2653,-4.9796,-6.8725,8.2777,-8.5969,-7.9253,-0.2456,-9.3669
-0.4811,5.9660,-1.1232,-3.3259,-3.1944,10.2565,-7.6939,-4.2539,4.3022,-1.8552,-2.1502
3.2697,-0.6343,7.2626,7.1673,-9.1252,-3.3459,-1.3790,2.7112,1.9476,0.7898,-1.6976
1.1551,8.3625,-5.0422,-10.3957,-8.3880,-0.2382,-5.5954,-4.7138,-10.3897,-0.5704,6.6101
-2.2398,10.8549,6.0835,9.5326,-5.5287,-7.7249,7.8295,-6.1662,-8.8988,1.0816,-8.3734
4.2677,-6.9470,-4.3771,2.3252,-9.3740,-7.3647,-8.1449,-4.3190,9.3200,6.4170,3.9446
0.0008,-5.9508,-4.7399,5.3702,-2.0748,-3.2943,3.9915,6.0224,3.4734,-1.3738,-1.8935
-1.6801,2.8815,-1.7719,-8.4268,-6.8587,-1.5185,-7.4352,-4.4141,7.8330,-3.6145,-3.7606
-2.6345,5.2916,-0.1539,-4.0677,-3.3322,9.4330,-7.2691,-6.4547,2.0867,-2.2768,0.9124
-2.0265,7.4467,-0.5173,-4.9766,-2.8757,9.9141,-10.7434,-3.2713,3.7210,-2.8323,-0.5621
-2.1213,-6.2015,-6.8518,4.5702,-3.6760,-2.0371,5.5916,7.4890,4.3987,-2.4066,-0.8780
-2.1514,6.1342,-0.1634,-5.5395,-2.9900,9.5147,-5.2914,-4.2815,1.8969,-2.1396,-0.9510
-3.1378,-7.3551,-5.9603,4.9733,-3.0167,-3.3372,4.3790,7.1870,4.5503,-2.8215,-1.6559
-1.2356,9.2245,4.9827,9.3377,-5.3189,-6.8406,10.8465,-9.1379,-8.7356,-0.4257,-9.5267
-2.6375,-6.1328,-6.2684,4.1740,-3.7732,-0.7346,5.5232,7.8700,5.2053,-1.9962,-2.1479
0.0099,6.4609,-4.5060,-6.8966,-6.7864,-0.2249,-2.5748,-4.2592,-11.2215,-0.3774,2.1940
-1.0185,-5.2918,-5.4428,5.5452,-4.3956,-1.6527,6.6846,7.3211,4.8224,-1.0995,-2.4492
-5.6565,6.6954,5.3583,11.6574,-6.1440,-6.9092,8.3758,-9.5718,-7.2788,-1.0138,-7.4775
-3.9949,9.4634,6.3647,11.4108,-6.0239,-6.4286,7.9186,-8.2385,-7.9765,1.9370,-9.6193
-1.7161,-7.2183,-4.8139,4.2006,-2.7495,-2.4617,5.9438,8.2199,4.5375,-3.4171,-2.2674
-1.1178,7.3414,1.0355,-4.8464,-3.9935,7.2809,-5.3689,-4.1258,5.3613,-2.3172,0.8303
4.4643,-9.1005,-5.5777,-1.3054,-9.0167,-8.6193,-8.8146,-3.9724,7.4956,6.5259,2.9793
3.9067,-8.0797,-6.2191,0.8462,-8.2248,-8.4401,-8.0143,-2.5987,7.1870,6.4465,4.9828
0.5957,-1.4376,6.4947,5.4195,-7.6835,-4.4813,-3.7385,1.9741,3.8512,0.5755,-2.2562
-2.5144,7.0479,0.9040,-6.2276,-2.7967,10.8144,-4.8275,-6.1628,2.8032,-2.8682,-1.8301
-1.1773,-5.2184,-4.6187,5.0261,-1.2530,-2.0488,4.3955,8.0735,5.7068,-0.5203,-0.2073
1.0274,7.0239,-4.3578,-7.8456,-6.9141,0.7141,-3.6471,-2.9207,-10.2722,1.2376,3.9787
1.4417,-2.5448,7.7985,7.8654,-8.4099,-2.6863,-0.7893,2.6967,2.0368,-0.1960,-2.6269
2.6911,-6.6143,-4.7812,1.3224,-8.4097,-10.5475,-7.3370,-3.3738,8.1215,5.3097,4.5412
1.6584,1.2303,6.5823,6.1079,-8.4157,-3.5006,-2.3111,2.9974,2.3413,-1.1489,-3.5722
-2.3242,0.7459,-1.2527,-9.3663,-5.1821,0.0918,-9.1536,-3.9102,8.8939,-5.1452,-5.8139
1.9699,-0.5664,8.0965,7.1340,-8.1364,-2.6479,-1.6332,2.8176,0.8064,1.8057,-1.8208
-2.5643,-6.3528,-6.0313,5.4012,-3.3762,-1.3480,3.0514,8.2344,5.5665,-2.2189,-3.1428
-2.9947,-5.7429,-7.5176,6.8380,-2.7848,-3.1684,4.2582,8.0009,4.1215,-2.4835,-2.0522
-2.1265,-5.2568,-7.0680,6.7915,-0.3990,-1.7939,7.5328,7.3797,3.9360,-2.0467,-1.1568
-0.6524,6.2469,0.4810,-5.8948,-3.7206,9.7696,-5.6950,-4.6412,3.5815,-4.4218,0.7801
-1.9545,8.8982,-5.1815,-8.2481,-6.7230,-0.1049,-4.7374,-1.0791,-10.2441,2.1867,3.5509
-2.9016,4.8769,-0.7254,-9.5428,-4.9667,-1.6107,-8.7900,-3.7314,9.7086,-6.1172,-5.1454
1.2559,0.7998,6.5095,6.3074,-8.7838,-3.7787,-0.9648,4.6591,2.3233,0.3540,-2.2396
-0.1248,7.4767,-5.9290,-7.5212,-8.7092,0.7728,-4.4923,-1.8294,-9.7554,0.4727,2.9992
0.5262,8.2308,-3.5800,-9.0983,-6.3647,1.0324,-4.6718,-5.0611,-9.9023,2.3407,4.5098
-2.2261,9.2364,4.7111,10.6321,-4.3789,-7.3309,6.6063,-8.9474,-7.4829,1.6550,-9.8971
4.6085,-7.9137,-5.3031,0.2291,-9.6485,-7.4080,-6.1648,-5.0272,8.2468,7.7189,4.5882
-1.3542,2.4385,-0.4070,-6.5234,-4.7954,-2.1798,-8.0408,-4.8186,9.5542,-5.7766,-5.0238
-2.2339,6.5939,1.3103,-4.6480,-2.1970,10.2541,-6.6073,-5.6067,5.2249,-0.9734,-0.1909
0.4902,6.5850,-4.0955,-7.5900,-8.2842,-0.9838,-3.1140,-3.6445,-9.6846,2.1274,5.1088
4.8286,-8.0290,-4.7615,0.1642,-9.0129,-7.6978,-9.0509,-3.2048,8.7294,6.6607,5.1247
-1.7299,2.3696,-0.4553,-8.7597,-3.7305,-1.9423,-10.8631,-6.7858,8.3035,-5.8817,-5.7279
-3.9495,3.9596,-0.4451,-9.5188,-6.6945,-0.6763,-8.5335,-4.7877,8.8258,-4.4577,-5.3298
-0.9299,-5.3193,-7.5313,7.6652,-4.0946,-2.0071,4.8492,5.8499,5.7529,-2.5174,-1.7961
3.5419,-7.8141,-5.4921,0.6148,-9.6659,-9.5088,-9.1536,-3.9996,5.8984,6.8116,5.0973
1.5348,0.1149,8.7895,7.0317,-8.8290,-3.3141,-0.7633,2.5173,2.5334,1.2222,-3.8181
1.9283,-0.7350,6.6541,6.1645,-9.2267,-3.0419,-0.1909,3.3257,2.6041,1.3903,-1.8289
-3.6867,8.2440,5.1261,9.7895,-3.7790,-7.6267,7.3890,-7.8318,-7.4582,0.5920,-10.8267
-2.1968,-6.2661,-4.6880,5.0086,-3.5327,-2.0226,5.2405,7.2054,4.5266,-4.0985,-0.5760
2.1137,0.1862,7.3355,7.4610,-8.5108,-2.2436,-3.5337,4.5991,4.0083,1.1021,-3.2017
-2.2001,5.4463,-1.5394,-7.6238,-2.6682,9.2768,-6.1958,-5.4970,4.1432,-1.9648,-2.1691
-1.9142,7.8798,-3.1425,-9.8665,-4.9249,0.7896,-4.0322,-4.1098,-8.9060,0.3417,4.7358
0.0254,4.9256,-4.0025,-7.5550,-7.2392,-0.1788,-2.5102,-3.2539,-9.1701,0.1939,4.5443
3.2554,-0.1565,7.5403,7.1699,-10.3158,-2.9715,-2.5612,2.7621,2.8886,-0.7357,-3.5844
-4.0390,3.8361,-0.3148,-9.8914,-6.2253,0.7942,-7.3314,-4.0004,8.4072,-2.6815,-4.2402
-2.4816,8.6640,-0.1303,-4.4643,-2.2716,10.9504,-5.9796,-5.5860,5.2206,-3.0347,-1.0425
-2.6252,5.9487,0.6440,-4.3189,-3.7970,8.3138,-7.1182,-4.7056,4.0802,-3.2079,-2.1630
-0.0232,-1.2694,5.8545,6.1583,-7.9323,-3.2294,-2.7959,4.9471,1.4469,0.4837,-3.5796
0.7307,7.6102,-4.1329,-8.2637,-7.6323,0.7643,-4.8984,-4.3315,-8.7268,1.7343,4.3149
0.1026,8.5486,-4.7190,-7.6800,-8.0161,0.5240,-5.7601,-5.0459,-10.2308,0.5572,4.5087
-4.6582,8.3087,2.9436,8.8177,-5.3974,-7.3878,7.7605,-8.4696,-8.4321,1.2379,-8.3405
-2.2534,8.7383,-6.0153,-8.5275,-7.1485,-2.5104,-5.6179,-2.4755,-9.4531,1.5022,4.1970
-4.1823,9.4867,6.4742,9.4198,-6.4181,-6.5339,7.7308,-9.0748,-9.0809,-0.3924,-7.9003
0.5823,6.6662,-5.1144,-9.5491,-7.7036,-0.8256,-5.0424,-3.6324,-8.3355,2.1823,5.2655
-3.5521,8.7509,6.1521,10.3236,-7.4862,-6.9875,7.8760,-10.6063,-7.8732,3.4073,-8.1736
-2.2812,2.8698,-1.3434,-8.6494,-6.6973,-1.0561,-9.7988,-4.1213,8.0145,-4.2862,-4.0644
-2.0768,4.9383,-1.6934,-8.6101,-4.7676,0.9045,-8.5977,-4.4396,9.3060,-4.9319,-5.2105
-0.0814,7.0012,-6.1712,-10.4933,-8.4864,-0.7824,-3.4697,-3.7443,-9.1921,3.3353,6.6864
-1.8595,7.9330,0.5675,-5.2184,-3.2488,6.9108,-6.2789,-5.6917,3.2545,-3.6444,-1.5504
-0.8684,2.9340,-1.3005,-9.4863,-5.6471,-0.4327,-10.2053,-4.8694,8.5981,-4.3379,-5.0199
0.6924,7.0370,-4.5347,-7.5114,-6.1277,-2.2385,-4.1918,-5.8915,-10.3359,2.1171,4.2895
2.7261,-7.3669,-5.1402,2.0122,-8.7521,-6.6026,-8.7863,-3.7920,6.9546,4.7351,3.7471
0.4433,7.2028,-4.1022,-8.2724,-7.3703,1.0284,-2.4556,-3.7497,-9.4884,1.5335,4.1387
-1.5530,-7.6829,-6.6191,3.6508,-3.2437,-3.5781,5.2533,7.3415,3.9330,-1.5039,-2.5029
-2.6682,9.4355,5.5530,10.4705,-6.4225,-7.5143,8.7705,-9.8595,-8.1135,-0.3568,-8.0657
-1.5913,3.1888,-0.6524,-11.2452,-7.0343,-1.4311,-10.6701,-3.8345,7.2235,-3.6852,-5.3836
-0.5590,6.9854,-4.4113,-7.6352,-8.8004,-0.7283,-3.9629,-4.2222,-10.3181,-0.0469,4.7734
2.2721,-0.1844,6.4500,6.5869,-8.0858,-4.4948,-2.2314,3.2887,1.7259,1.1842,-4.3666
0.0415,-6.3340,-7.0364,3.7273,-1.7715,-0.7944,4.9458,8.6076,3.0506,-0.2851,0.5254
-4.4524,10.5959,5.8422,9.4848,-7.1425,-7.8959,8.1542,-9.4611,-8.4713,0.3438,-9.0082
0.0282,8.3850,-3.2828,-9.2142,-6.9875,-1.0669,-2.0455,-4.4157,-8.7704,2.1040,5.3808
-2.0464,10.6264,-5.4157,-9.0730,-8.3576,-0.7192,-2.4076,-5.3100,-8.5060,0.3636,4.7801
-3.5036,6.4369,-0.5724,-4.5657,-3.8487,11.7746,-5.8827,-4.8892,4.0594,-0.4195,-1.3462
1.8416,-1.1581,5.7905,7.9981,-7.7912,-3.4410,-1.6773,3.9585,1.5167,-0.2371,-2.5945
-0.0004,-0.3777,7.9052,5.0972,-7.8500,-2.3207,1.9536,1.9386,0.6296,1.5030,-4.0107
-2.1486,8.2208,-0.5404,-3.9439,-1.6235,10.5407,-5.3523,-4.2085,3.0910,-3.6461,-1.0903
-1.9978,-4.7941,-5.6620,4.2633,-2.2117,-3.9964,5.2689,8.6915,3.6558,-1.8829,-2.9052
-1.6402,-6.3880,-6.4748,5.1256,-2.8887,-0.9044,6.0778,7.6775,5.4264,-1.7227,-2.1646
1.3728,7.7058,-5.1905,-9.2463,-8.1197,1.4667,-5.5705,-4.5051,-7.7703,1.2815,3.3840
-0.6459,-1.1187,8.0385,8.0984,-8.1426,-2.5921,-1.4266,1.1006,1.7590,1.3069,-3.1772
-2.0877,10.4923,3.3354,9.4633,-6.0617,-7.7207,8.0006,-9.0084,-8.0914,0.4422,-8.2545
0.1172,-0.0239,8.3850,7.3163,-7.8643,-3.0154,-0.9987,2.9292,1.6329,0.6215,-2.8565
-0.8243,4.1011,-1.2039,-9.7368,-6.8227,-1.0371,-11.2810,-4.1323,9.4072,-4.3877,-4.1824
-1.9021,9.0680,-6.0865,-6.0884,-5.9637,-0.3879,-5.8874,-2.2644,-8.4872,1.4236,4.8195
2.9844,-9.0646,-5.5758,1.5685,-6.9729,-8.1675,-9.9633,0.1192,9.4429,7.3019,6.5030
3.6256,-9.2544,-3.1588,2.3293,-8.1837,-6.9549,-8.3733,-2.7754,11.0437,4.2675,6.3858
-2.2458,3.5858,-1.8312,-8.4633,-6.1308,-1.3757,-8.7952,-2.7458,8.3867,-4.8522,-5.0212
-3.5542,8.0811,4.3640,9.0596,-7.4084,-6.9750,7.9653,-8.0648,-9.2243,0.1190,-9.4910
-1.7812,2.4877,-1.8238,-8.5315,-5.4801,-2.9757,-10.1002,-2.4975,9.3093,-3.7885,-5.3107
-2.2619,-5.3790,-3.9613,4.7142,-3.8475,-2.6838,4.2639,7.8671,6.6868,-2.3857,-2.5032
-3.5474,9.3355,5.7180,10.1973,-7.1089,-7.2950,8.2126,-8.9797,-8.3428,2.0789,-8.3034
1.2898,-0.0020,6.7417,5.0487,-11.6986,-2.4918,-2.1774,4.7205,0.5003,0.2640,-1.0385
-2.9931,7.2719,0.8501,-5.4305,-3.6233,10.6207,-5.9459,-4.0766,2.0571,-2.5771,1.2826
2.4109,-8.4268,-4.7169,0.7104,-9.7748,-7.1319,-8.3764,-3.0856,9.2456,5.9993,4.9078
-3.3564,10.0837,5.9059,9.4905,-5.0275,-7.8969,7.9823,-6.6110,-6.2170,1.2540,-7.3096
-3.4250,7.6025,0.7645,-5.3081,-2.7843,10.2310,-6.4626,-3.3978,3.9644,-1.5697,-2.0729
0.4699,-1.8663,6.4406,6.1597,-8.8794,-4.5638,0.5357,2.0394,1.1385,0.1301,-3.6280
2.6673,-7.2434,-5.1512,2.1257,-8.0545,-7.8491,-10.1361,-4.7197,6.9685,7.9391,4.9226
-2.4044,4.6669,-2.1082,-9.9273,-6.5441,0.2004,-7.1876,-4.9718,9.6051,-5.0230,-4.7256
1.6424,7.0072,-5.9112,-6.6538,-7.1071,0.1024,-4.0839,-4.6860,-10.9948,0.5797,4.5405
-4.8378,9.8866,4.4412,9.4633,-4.3487,-8.6604,7.7228,-9.6004,-8.4448,1.1258,-7.6917
-4.0411,3.6964,-1.6240,-9.7736,-6.9432,-1.2514,-9.2666,-3.7636,8.9520,-3.4225,-4.4225
-3.5325,8.3833,5.5863,9.4236,-6.0827,-8.6846,9.7755,-11.5743,-8.1617,-0.0045,-7.5783
-1.8538,7.0956,-4.5823,-8.5556,-6.6259,-1.1229,-1.6822,-4.1741,-10.0135,0.7009,7.2971
-0.2071,2.6211,-1.9582,-9.3257,-4.8677,-0.6432,-9.9909,-4.4039,8.2480,-2.8356,-4.7058
-0.5443,8.7354,-3.8190,-8.7365,-6.8077,0.5814,-3.8555,-3.5385,-11.0523,1.5129,6.8264
-1.4056,2.5876,-1.8986,-7.4262,-6.4389,-3.6303,-8.4942,-2.4920,6.4978,-4.6098,-4.1981
-2.0902,-7.5452,-4.0312,4.2637,-3.3906,-2.3169,3.8420,7.2790,5.9150,0.5849,-2.4762
-4.1350,10.9653,5.2604,10.5519,-7.5339,-6.0020,7.2724,-8.2743,-7.8599,1.4104,-7.8759
-5.4872,3.3141,0.0039,-10.1906,-7.2273,-0.6261,-8.5816,-3.7783,7.6574,-4.7083,-4.9633
5.0705,-7.1278,-5.8464,0.4682,-7.7926,-7.6100,-6.5869,-4.2337,8.7407,7.2696,6.2828
-0.5859,8.3212,-2.4251,-7.2532,-6.9515,0.7550,-6.1974,-4.4691,-11.2044,-0.6519,2.3074
-4.8546,9.1083,4.9758,9.2152,-5.9692,-5.3994,5.9610,-7.6445,-8.2902,1.0575,-7.5236
4.1390,-8.1485,-4.7763,-0.5711,-9.4213,-8.2760,-9.2806,-4.2850,6.8096,7.1227,3.9320
-5.3898,10.0617,5.4725,9.2752,-5.6207,-6.3874,9.0315,-8.6456,-8.8989,1.3689,-8.6795
3.3377,-8.9226,-5.8675,-0.0069,-8.2611,-9.4500,-8.3332,-3.1118,7.5631,7.8301,5.0809
-6.5663,8.7128,3.6696,8.4337,-4.5384,-5.8350,8.3527,-8.6623,-8.1131,0.9904,-6.8568
-2.0307,-6.9684,-6.3121,4.3066,-3.2396,-1.4237,4.8577,9.4996,4.9110,-0.6361,-0.7001
